frequency (Hz),MPD 600 1.1 (dBm)
0,-120.833
31250,-124.399
62500,-124.596
93750,-115.15
125000,-107.784
156250,-105.537
187500,-103.594
218750,-97.3434
250000,-94.7512
281250,-100.466
312500,-101.831
343750,-99.002
375000,-100.54
406250,-105.056
437500,-102.726
468750,-99.0273
500000,-102.68
531250,-109.289
562500,-96.8207
593750,-90.0477
625000,-88.7567
656250,-90.7917
687500,-92.8532
718750,-95.1403
750000,-98.25
781250,-102.205
812500,-108.308
843750,-122.69
875000,-111.908
906250,-106.673
937500,-108.159
968750,-116.473
1e+06,-113.986
1.03125e+06,-106.783
1.0625e+06,-106.272
1.09375e+06,-112.162
1.125e+06,-105.531
1.15625e+06,-103.637
1.1875e+06,-105.835
1.21875e+06,-108.193
1.25e+06,-110.093
1.28125e+06,-115.482
1.3125e+06,-108.948
1.34375e+06,-106.621
1.375e+06,-109.477
1.40625e+06,-114.71
1.4375e+06,-114.116
1.46875e+06,-112.396
1.5e+06,-111.556
1.53125e+06,-110.415
1.5625e+06,-109.586
1.59375e+06,-110.176
1.625e+06,-111.251
1.65625e+06,-109.405
1.6875e+06,-107.75
1.71875e+06,-108.58
1.75e+06,-106.621
1.78125e+06,-103.766
1.8125e+06,-104.181
1.84375e+06,-108.56
1.875e+06,-118.087
1.90625e+06,-114.785
1.9375e+06,-102.484
1.96875e+06,-97.5544
2e+06,-97.4664
2.03125e+06,-100.947
2.0625e+06,-102.092
2.09375e+06,-97.4415
2.125e+06,-97.1042
2.15625e+06,-100.06
2.1875e+06,-92.3184
2.21875e+06,-92.8319
2.25e+06,-92.7265
2.28125e+06,-92.9002
2.3125e+06,-98.7458
2.34375e+06,-93.2336
2.375e+06,-95.8938
2.40625e+06,-102.833
2.4375e+06,-97.8951
2.46875e+06,-93.1273
2.5e+06,-90.6006
2.53125e+06,-91.9797
2.5625e+06,-95.2899
2.59375e+06,-98.0763
2.625e+06,-100.338
2.65625e+06,-103.349
2.6875e+06,-101.504
2.71875e+06,-99.4916
2.75e+06,-99.6012
2.78125e+06,-101.459
2.8125e+06,-105.659
2.84375e+06,-113.237
2.875e+06,-119.526
2.90625e+06,-119.014
2.9375e+06,-106.978
2.96875e+06,-102.373
3e+06,-101.808
3.03125e+06,-104.138
3.0625e+06,-106.506
3.09375e+06,-107.039
3.125e+06,-108.594
3.15625e+06,-110.163
3.1875e+06,-106.532
3.21875e+06,-104.929
3.25e+06,-110.073
3.28125e+06,-112.429
3.3125e+06,-108.729
3.34375e+06,-106.713
3.375e+06,-101.538
3.40625e+06,-98.259
3.4375e+06,-97.2332
3.46875e+06,-98.0354
3.5e+06,-100.495
3.53125e+06,-107.145
3.5625e+06,-107.474
3.59375e+06,-102.627
3.625e+06,-102.021
3.65625e+06,-100.759
3.6875e+06,-97.9012
3.71875e+06,-96.437
3.75e+06,-97.7492
3.78125e+06,-102.074
3.8125e+06,-104.918
3.84375e+06,-100.264
3.875e+06,-99.9437
3.90625e+06,-103.013
3.9375e+06,-104.967
3.96875e+06,-105.304
4e+06,-104.479
4.03125e+06,-105.83
4.0625e+06,-109.88
4.09375e+06,-114.941
4.125e+06,-117.287
4.15625e+06,-127.204
4.1875e+06,-117.057
4.21875e+06,-115.96
4.25e+06,-119.577
4.28125e+06,-114.449
4.3125e+06,-110.37
4.34375e+06,-108.808
4.375e+06,-110.328
4.40625e+06,-114.988
4.4375e+06,-122.134
4.46875e+06,-122.482
4.5e+06,-121.101
4.53125e+06,-128.061
4.5625e+06,-122.419
4.59375e+06,-120.41
4.625e+06,-118.068
4.65625e+06,-119.255
4.6875e+06,-124.563
4.71875e+06,-123.76
4.75e+06,-120.051
4.78125e+06,-119.18
4.8125e+06,-120.349
4.84375e+06,-123.978
4.875e+06,-137.256
4.90625e+06,-127.134
4.9375e+06,-123.162
4.96875e+06,-122.612
5e+06,-123.073
5.03125e+06,-122.82
5.0625e+06,-120.605
5.09375e+06,-119.232
5.125e+06,-119.839
5.15625e+06,-120.428
5.1875e+06,-121.2
5.21875e+06,-118.443
5.25e+06,-115.957
5.28125e+06,-116.173
5.3125e+06,-118.061
5.34375e+06,-117.72
5.375e+06,-114.728
5.40625e+06,-112.331
5.4375e+06,-112.297
5.46875e+06,-116.44
5.5e+06,-121.34
5.53125e+06,-115.758
5.5625e+06,-113.848
5.59375e+06,-110.914
5.625e+06,-109.748
5.65625e+06,-109.699
5.6875e+06,-109.411
5.71875e+06,-109.616
5.75e+06,-110.967
5.78125e+06,-112.776
5.8125e+06,-113.181
5.84375e+06,-112.181
5.875e+06,-110.863
5.90625e+06,-109.475
5.9375e+06,-109.702
5.96875e+06,-110.847
6e+06,-111.45
6.03125e+06,-112.837
6.0625e+06,-118.418
6.09375e+06,-123.058
6.125e+06,-113.918
6.15625e+06,-112.391
6.1875e+06,-114.195
6.21875e+06,-117.589
6.25e+06,-127.759
6.28125e+06,-130.583
6.3125e+06,-120.58
6.34375e+06,-115.194
6.375e+06,-114.849
6.40625e+06,-116.032
6.4375e+06,-116.236
6.46875e+06,-115.215
6.5e+06,-113.414
6.53125e+06,-112.186
6.5625e+06,-112.65
6.59375e+06,-115.097
6.625e+06,-118.35
6.65625e+06,-121.588
6.6875e+06,-123.502
6.71875e+06,-119.207
6.75e+06,-117.318
6.78125e+06,-116.957
6.8125e+06,-116.093
6.84375e+06,-114.47
6.875e+06,-113.337
6.90625e+06,-113.594
6.9375e+06,-115.409
6.96875e+06,-117.862
7e+06,-117.5
7.03125e+06,-115.914
7.0625e+06,-116.972
7.09375e+06,-121.312
7.125e+06,-128.816
7.15625e+06,-127.388
7.1875e+06,-121.515
7.21875e+06,-118.947
7.25e+06,-117.243
7.28125e+06,-115.981
7.3125e+06,-115.395
7.34375e+06,-115.135
7.375e+06,-115.221
7.40625e+06,-116.452
7.4375e+06,-119.038
7.46875e+06,-122.257
7.5e+06,-124.978
7.53125e+06,-125.699
7.5625e+06,-125.9
7.59375e+06,-127.546
7.625e+06,-130.265
7.65625e+06,-131.017
7.6875e+06,-128.363
7.71875e+06,-126.091
7.75e+06,-124.981
7.78125e+06,-125.486
7.8125e+06,-126.915
7.84375e+06,-126.77
7.875e+06,-125.375
7.90625e+06,-124.633
7.9375e+06,-124.443
7.96875e+06,-124.408
8e+06,-125.309
8.03125e+06,-127.395
8.0625e+06,-129.139
8.09375e+06,-128.188
8.125e+06,-125.256
8.15625e+06,-123.554
8.1875e+06,-123.306
8.21875e+06,-123.744
8.25e+06,-124.404
8.28125e+06,-124.903
8.3125e+06,-125.259
8.34375e+06,-126.205
8.375e+06,-127.477
8.40625e+06,-128.039
8.4375e+06,-128.753
8.46875e+06,-130.454
8.5e+06,-131.898
8.53125e+06,-133.1
8.5625e+06,-135.947
8.59375e+06,-140.914
8.625e+06,-146.829
8.65625e+06,-155.856
8.6875e+06,-141.34
8.71875e+06,-137.681
8.75e+06,-137.907
8.78125e+06,-140.485
8.8125e+06,-140.651
8.84375e+06,-136.491
8.875e+06,-136.269
8.90625e+06,-138.809
8.9375e+06,-140.794
8.96875e+06,-139.611
9e+06,-138.929
9.03125e+06,-139.806
9.0625e+06,-139.337
9.09375e+06,-136.375
9.125e+06,-133.943
9.15625e+06,-133.637
9.1875e+06,-135.284
9.21875e+06,-137.788
9.25e+06,-139.996
9.28125e+06,-141.513
9.3125e+06,-139.831
9.34375e+06,-137.1
9.375e+06,-136.075
9.40625e+06,-136.143
9.4375e+06,-136.841
9.46875e+06,-139.123
9.5e+06,-145.067
9.53125e+06,-157.901
9.5625e+06,-156.778
9.59375e+06,-151.463
9.625e+06,-149.184
9.65625e+06,-148.966
9.6875e+06,-148.514
9.71875e+06,-150.466
9.75e+06,-157.81
9.78125e+06,-148.319
9.8125e+06,-144.738
9.84375e+06,-144.534
9.875e+06,-145.268
9.90625e+06,-146.969
9.9375e+06,-147.784
9.96875e+06,-147.976
1e+07,-149.907
1.00313e+07,-150.27
1.00625e+07,-150.357
1.00938e+07,-152.163
1.0125e+07,-154.785
1.01563e+07,-154.507
1.01875e+07,-151.981
1.02188e+07,-151.376
1.025e+07,-154.74
1.02813e+07,-163.015
1.03125e+07,-164.863
1.03438e+07,-166.75
1.0375e+07,-176.096
1.04063e+07,-161.71
1.04375e+07,-159.326
1.04688e+07,-158.183
1.05e+07,-155.668
1.05313e+07,-156.299
1.05625e+07,-159.815
1.05938e+07,-159.324
1.0625e+07,-157.535
1.06563e+07,-159.981
1.06875e+07,-167.76
1.07188e+07,-164.407
1.075e+07,-160.131
1.07813e+07,-158.423
1.08125e+07,-159.55
1.08438e+07,-161.775
1.0875e+07,-160.201
1.09063e+07,-159.402
1.09375e+07,-162.142
1.09688e+07,-167.86
1.1e+07,-165.399
1.10313e+07,-161.969
1.10625e+07,-159.92
1.10938e+07,-159.605
1.1125e+07,-161.268
1.11563e+07,-162.751
1.11875e+07,-162.042
1.12188e+07,-161.743
1.125e+07,-162.549
1.12813e+07,-162.481
1.13125e+07,-162.684
1.13438e+07,-165.507
1.1375e+07,-170.414
1.14063e+07,-175.552
1.14375e+07,-170.484
1.14688e+07,-167.582
1.15e+07,-170.895
1.15313e+07,-165.56
1.15625e+07,-160.407
1.15938e+07,-158.47
1.1625e+07,-158.959
1.16563e+07,-160.132
1.16875e+07,-159.893
1.17188e+07,-160.752
1.175e+07,-162.326
1.17813e+07,-160.597
1.18125e+07,-163.739
1.18438e+07,-177.462
1.1875e+07,-161.083
1.19063e+07,-157.061
1.19375e+07,-155.553
1.19688e+07,-155.649
1.2e+07,-155.649
1.20313e+07,-155.253
1.20625e+07,-156.969
1.20938e+07,-162.423
1.2125e+07,-180.635
1.21563e+07,-169.885
1.21875e+07,-170.941
1.22188e+07,-169.946
1.225e+07,-162.889
1.22813e+07,-161.504
1.23125e+07,-167.211
1.23438e+07,-172.883
1.2375e+07,-168.025
1.24063e+07,-181.415
1.24375e+07,-167.727
1.24688e+07,-161.204
1.25e+07,-156.856
1.25313e+07,-155.199
1.25625e+07,-157.505
1.25938e+07,-164.81
1.2625e+07,-167.388
1.26563e+07,-168.483
1.26875e+07,-171.998
1.27188e+07,-171.369
1.275e+07,-165.642
1.27813e+07,-164.152
1.28125e+07,-167.88
1.28438e+07,-178.571
1.2875e+07,-170.449
1.29063e+07,-164.544
1.29375e+07,-161.989
1.29688e+07,-162.113
1.3e+07,-167.256
1.30313e+07,-174.102
1.30625e+07,-162.148
1.30938e+07,-159.416
1.3125e+07,-160.172
1.31563e+07,-163.157
1.31875e+07,-166.314
1.32188e+07,-168.047
1.325e+07,-162.985
1.32813e+07,-159.85
1.33125e+07,-159.649
1.33438e+07,-159.454
1.3375e+07,-161.192
1.34063e+07,-168.738
1.34375e+07,-174.878
1.34688e+07,-171.667
1.35e+07,-165.852
1.35313e+07,-163.367
1.35625e+07,-165.218
1.35938e+07,-164.421
1.3625e+07,-164.045
1.36563e+07,-166.133
1.36875e+07,-165
1.37188e+07,-162.602
1.375e+07,-160.111
1.37813e+07,-158.59
1.38125e+07,-158.494
1.38438e+07,-160.293
1.3875e+07,-163.636
1.39063e+07,-167.228
1.39375e+07,-168.572
1.39688e+07,-167.759
1.4e+07,-166.463
1.40313e+07,-164.05
1.40625e+07,-164.41
1.40938e+07,-168.238
1.4125e+07,-171.571
1.41563e+07,-171.055
1.41875e+07,-169.706
1.42188e+07,-166.385
1.425e+07,-162.537
1.42813e+07,-160.451
1.43125e+07,-160.826
1.43438e+07,-166.466
1.4375e+07,-175.539
1.44063e+07,-164.328
1.44375e+07,-161.215
1.44688e+07,-159.012
1.45e+07,-157.617
1.45313e+07,-157.061
1.45625e+07,-157.959
1.45938e+07,-159.774
1.4625e+07,-160.655
1.46563e+07,-161.934
1.46875e+07,-164.29
1.47188e+07,-163.485
1.475e+07,-162.724
1.47813e+07,-165.892
1.48125e+07,-179.974
1.48438e+07,-171.6
1.4875e+07,-167.255
1.49063e+07,-166.408
1.49375e+07,-162.382
1.49688e+07,-158.104
1.5e+07,-155.386
1.50313e+07,-154.954
1.50625e+07,-158.881
1.50938e+07,-171.482
1.5125e+07,-164.349
1.51563e+07,-163.943
1.51875e+07,-166.432
1.52188e+07,-166.727
1.525e+07,-166.221
1.52813e+07,-168.91
1.53125e+07,-164.769
1.53438e+07,-160.199
1.5375e+07,-158.61
1.54063e+07,-160.269
1.54375e+07,-169.986
1.54688e+07,-160.778
1.55e+07,-156.486
1.55313e+07,-157.034
1.55625e+07,-159.266
1.55938e+07,-161.023
1.5625e+07,-162.521
1.56563e+07,-169.363
1.56875e+07,-169.685
1.57188e+07,-162.484
1.575e+07,-161.599
1.57813e+07,-161.132
1.58125e+07,-161.154
1.58438e+07,-162.822
1.5875e+07,-168.272
1.59063e+07,-173.457
1.59375e+07,-165.068
1.59688e+07,-167.031
1.6e+07,-174.719
1.60313e+07,-165.878
1.60625e+07,-162.026
1.60938e+07,-162.667
1.6125e+07,-168.109
1.61563e+07,-168.324
1.61875e+07,-163.14
1.62188e+07,-165.229
1.625e+07,-171.804
1.62813e+07,-169.645
1.63125e+07,-165.465
1.63438e+07,-164.837
1.6375e+07,-165.145
1.64063e+07,-164.83
1.64375e+07,-167.836
1.64688e+07,-174.751
1.65e+07,-173.04
1.65313e+07,-165.799
1.65625e+07,-161.504
1.65938e+07,-160.003
1.6625e+07,-160.081
1.66563e+07,-159.785
1.66875e+07,-159.438
1.67188e+07,-160.026
1.675e+07,-160.794
1.67813e+07,-160.182
1.68125e+07,-160.116
1.68438e+07,-163.159
1.6875e+07,-166.614
1.69063e+07,-167.889
1.69375e+07,-167.048
1.69688e+07,-165.989
1.7e+07,-162.74
1.70313e+07,-159.227
1.70625e+07,-156.693
1.70938e+07,-156.421
1.7125e+07,-159.575
1.71563e+07,-164.604
1.71875e+07,-165.615
1.72188e+07,-164.942
1.725e+07,-163.91
1.72813e+07,-167.564
1.73125e+07,-169.369
1.73438e+07,-167.249
1.7375e+07,-169.08
1.74063e+07,-175.805
1.74375e+07,-164.849
1.74688e+07,-160.472
1.75e+07,-159.555
1.75313e+07,-160.049
1.75625e+07,-160.472
1.75938e+07,-159.921
1.7625e+07,-159.699
1.76563e+07,-159.658
1.76875e+07,-161.146
1.77188e+07,-162.919
1.775e+07,-160.513
1.77813e+07,-161.082
1.78125e+07,-166.948
1.78438e+07,-165.748
1.7875e+07,-165.316
1.79063e+07,-173.258
1.79375e+07,-170.916
1.79688e+07,-163.418
1.8e+07,-162.751
1.80313e+07,-163.715
1.80625e+07,-162.283
1.80938e+07,-160.352
1.8125e+07,-162.024
1.81563e+07,-182.954
1.81875e+07,-162.876
1.82188e+07,-162.046
1.825e+07,-167.363
1.82813e+07,-163.516
1.83125e+07,-160.749
1.83438e+07,-159.818
1.8375e+07,-159.941
1.84063e+07,-162.157
1.84375e+07,-165.143
1.84688e+07,-165.992
1.85e+07,-164.065
1.85313e+07,-160.838
1.85625e+07,-158.789
1.85938e+07,-159.44
1.8625e+07,-160.906
1.86563e+07,-161.466
1.86875e+07,-163.615
1.87188e+07,-169.408
1.875e+07,-163.743
1.87813e+07,-160.043
1.88125e+07,-160.241
1.88438e+07,-164.213
1.8875e+07,-170.498
1.89063e+07,-163.289
1.89375e+07,-158.901
1.89688e+07,-158.451
1.9e+07,-162.061
1.90313e+07,-160.505
1.90625e+07,-160.056
1.90938e+07,-163.785
1.9125e+07,-169.027
1.91563e+07,-173.432
1.91875e+07,-172.084
1.92188e+07,-170.203
1.925e+07,-168.595
1.92813e+07,-163.56
1.93125e+07,-162.626
1.93438e+07,-167.974
1.9375e+07,-165.92
1.94063e+07,-159.62
1.94375e+07,-157.42
1.94688e+07,-157.125
1.95e+07,-158.267
1.95313e+07,-161.6
1.95625e+07,-165.265
1.95938e+07,-164.844
1.9625e+07,-166.692
1.96563e+07,-167.861
1.96875e+07,-164.834
1.97188e+07,-164.733
1.975e+07,-169.007
1.97813e+07,-173.619
1.98125e+07,-173.607
1.98438e+07,-165.742
1.9875e+07,-164.029
1.99063e+07,-161.31
1.99375e+07,-159.956
1.99688e+07,-164.088
2e+07,-169.861
2.00313e+07,-160.77
2.00625e+07,-156.974
2.00938e+07,-155.743
2.0125e+07,-157.36
2.01563e+07,-162.888
2.01875e+07,-160.266
2.02188e+07,-157.318
2.025e+07,-158.296
2.02813e+07,-158.925
2.03125e+07,-158.62
2.03438e+07,-159.82
2.0375e+07,-164.361
2.04063e+07,-163.022
2.04375e+07,-159.991
2.04688e+07,-163.106
2.05e+07,-167.965
2.05313e+07,-163.496
2.05625e+07,-160.98
2.05938e+07,-160.367
2.0625e+07,-163.309
2.06563e+07,-167.121
2.06875e+07,-168.122
2.07188e+07,-171.099
2.075e+07,-168.687
2.07813e+07,-164.893
2.08125e+07,-166.585
2.08438e+07,-175.432
2.0875e+07,-166.961
2.09063e+07,-161.836
2.09375e+07,-163.343
2.09688e+07,-179.819
2.1e+07,-166.658
2.10313e+07,-165.726
2.10625e+07,-171.727
2.10938e+07,-166.913
2.1125e+07,-161.646
2.11563e+07,-160.665
2.11875e+07,-164.823
2.12188e+07,-170.403
2.125e+07,-165.424
2.12813e+07,-165.383
2.13125e+07,-163.828
2.13438e+07,-160.736
2.1375e+07,-162.24
2.14063e+07,-165.201
2.14375e+07,-166.984
2.14688e+07,-166.014
2.15e+07,-162.088
2.15313e+07,-160.595
2.15625e+07,-162.396
2.15938e+07,-165.468
2.1625e+07,-165.037
2.16563e+07,-162.176
2.16875e+07,-162.69
2.17188e+07,-168.985
2.175e+07,-161.427
2.17813e+07,-158.551
2.18125e+07,-159.86
2.18438e+07,-163.467
2.1875e+07,-168.065
2.19063e+07,-174.091
2.19375e+07,-181.37
2.19688e+07,-168.375
2.2e+07,-167.143
2.20313e+07,-171.636
2.20625e+07,-176.864
2.20938e+07,-170.413
2.2125e+07,-164.341
2.21563e+07,-161.025
2.21875e+07,-161.04
2.22188e+07,-165.297
2.225e+07,-173.851
2.22813e+07,-171.339
2.23125e+07,-165.161
2.23438e+07,-162.111
2.2375e+07,-163.15
2.24063e+07,-166.214
2.24375e+07,-164.954
2.24688e+07,-163.854
2.25e+07,-164.837
2.25313e+07,-169.726
2.25625e+07,-191
2.25938e+07,-172.472
2.2625e+07,-169.845
2.26563e+07,-163.358
2.26875e+07,-160.195
2.27188e+07,-160.753
2.275e+07,-166.313
2.27813e+07,-174.955
2.28125e+07,-163.912
2.28438e+07,-163.05
2.2875e+07,-166.446
2.29063e+07,-168.568
2.29375e+07,-175.204
2.29688e+07,-171.508
2.3e+07,-166.033
2.30313e+07,-164.157
2.30625e+07,-167.883
2.30938e+07,-168.047
2.3125e+07,-164.875
2.31563e+07,-163.657
2.31875e+07,-162.517
2.32188e+07,-163.099
2.325e+07,-165.916
2.32813e+07,-184.414
2.33125e+07,-165.993
2.33438e+07,-161.849
2.3375e+07,-162.168
2.34063e+07,-163.343
2.34375e+07,-163.803
2.34688e+07,-166.789
2.35e+07,-172.374
2.35313e+07,-171.755
2.35625e+07,-169.864
2.35938e+07,-167.058
2.3625e+07,-162.961
2.36563e+07,-162.782
2.36875e+07,-163.188
2.37188e+07,-163.235
2.375e+07,-165.066
2.37813e+07,-169.907
2.38125e+07,-177.915
2.38438e+07,-170.415
2.3875e+07,-161.632
2.39063e+07,-158.539
2.39375e+07,-160.18
2.39688e+07,-167.314
2.4e+07,-169.291
2.40313e+07,-163.053
2.40625e+07,-163.923
2.40938e+07,-166.166
2.4125e+07,-162.363
2.41563e+07,-162.068
2.41875e+07,-162.665
2.42188e+07,-161.095
2.425e+07,-161.091
2.42813e+07,-167.689
2.43125e+07,-165.98
2.43438e+07,-159.547
2.4375e+07,-158.435
2.44063e+07,-159.135
2.44375e+07,-163.136
2.44688e+07,-178.336
2.45e+07,-170.335
2.45313e+07,-168.276
2.45625e+07,-179.599
2.45938e+07,-168.344
2.4625e+07,-164.542
2.46563e+07,-166.608
2.46875e+07,-173.019
2.47188e+07,-164.271
2.475e+07,-159.599
2.47813e+07,-159.878
2.48125e+07,-162.902
2.48438e+07,-164.67
2.4875e+07,-166.899
2.49063e+07,-177.466
2.49375e+07,-166.533
2.49688e+07,-163.511
2.5e+07,-164.807
2.50313e+07,-165.503
2.50625e+07,-164.462
2.50938e+07,-162.94
2.5125e+07,-160.063
2.51563e+07,-158.809
2.51875e+07,-163.493
2.52188e+07,-176.323
2.525e+07,-164.534
2.52813e+07,-163.239
2.53125e+07,-165.962
2.53438e+07,-169.1
2.5375e+07,-169.689
2.54063e+07,-167.354
2.54375e+07,-164.638
2.54688e+07,-165.631
2.55e+07,-172.535
2.55313e+07,-170.506
2.55625e+07,-167.484
2.55938e+07,-164.792
2.5625e+07,-161.864
2.56563e+07,-162.549
2.56875e+07,-163.649
2.57188e+07,-160.28
2.575e+07,-158.64
2.57813e+07,-160.083
2.58125e+07,-162.712
2.58438e+07,-162.752
2.5875e+07,-161.699
2.59063e+07,-162.142
2.59375e+07,-162.088
2.59688e+07,-161.912
2.6e+07,-161.879
2.60313e+07,-162.257
2.60625e+07,-167.706
2.60938e+07,-172.705
2.6125e+07,-163.699
2.61563e+07,-164.442
2.61875e+07,-169.008
2.62188e+07,-173.13
2.625e+07,-172.553
2.62813e+07,-172.737
2.63125e+07,-168.304
2.63438e+07,-161.564
2.6375e+07,-161.202
2.64063e+07,-170.788
2.64375e+07,-170.295
2.64688e+07,-169.244
2.65e+07,-174.205
2.65313e+07,-165.479
2.65625e+07,-164.124
2.65938e+07,-167.279
2.6625e+07,-165.672
2.66563e+07,-163.501
2.66875e+07,-164.344
2.67188e+07,-161.319
2.675e+07,-158.161
2.67813e+07,-158.524
2.68125e+07,-160.733
2.68438e+07,-160.839
2.6875e+07,-160.841
2.69063e+07,-163.142
2.69375e+07,-166.506
2.69688e+07,-167.706
2.7e+07,-169.721
2.70313e+07,-174.908
2.70625e+07,-165.685
2.70938e+07,-162.092
2.7125e+07,-160.433
2.71563e+07,-158.97
2.71875e+07,-158.495
2.72188e+07,-160.701
2.725e+07,-165.816
2.72813e+07,-173.261
2.73125e+07,-179.065
2.73438e+07,-174.442
2.7375e+07,-166.649
2.74063e+07,-158.246
2.74375e+07,-154.769
2.74688e+07,-154.512
2.75e+07,-156.446
2.75313e+07,-159.575
2.75625e+07,-163.228
2.75938e+07,-165.674
2.7625e+07,-166.282
2.76563e+07,-166.503
2.76875e+07,-168.243
2.77188e+07,-165.699
2.775e+07,-163.712
2.77813e+07,-165.485
2.78125e+07,-172.634
2.78438e+07,-179.785
2.7875e+07,-171.599
2.79063e+07,-170.684
2.79375e+07,-171.59
2.79688e+07,-167.379
2.8e+07,-167.533
2.80313e+07,-174.095
2.80625e+07,-179.318
2.80938e+07,-170.904
2.8125e+07,-171.996
2.81563e+07,-176.622
2.81875e+07,-176.994
2.82188e+07,-169.996
2.825e+07,-167.55
2.82813e+07,-164.787
2.83125e+07,-163.368
2.83438e+07,-165.063
2.8375e+07,-164.645
2.84063e+07,-160.987
2.84375e+07,-162.99
2.84688e+07,-167.67
2.85e+07,-165.936
2.85313e+07,-162.197
2.85625e+07,-161.688
2.85938e+07,-163.469
2.8625e+07,-162.679
2.86563e+07,-159.76
2.86875e+07,-157.503
2.87188e+07,-156.622
2.875e+07,-158.381
2.87813e+07,-162.895
2.88125e+07,-163.649
2.88438e+07,-160.305
2.8875e+07,-160.998
2.89063e+07,-167.151
2.89375e+07,-172.672
2.89688e+07,-188.045
2.9e+07,-166.065
2.90313e+07,-160.48
2.90625e+07,-159.136
2.90938e+07,-158.498
2.9125e+07,-161.554
2.91563e+07,-170.114
2.91875e+07,-172.28
2.92188e+07,-177.745
2.925e+07,-176.468
2.92813e+07,-170.201
2.93125e+07,-165.413
2.93438e+07,-163.34
2.9375e+07,-160.408
2.94063e+07,-157.631
2.94375e+07,-156.989
2.94688e+07,-158.675
2.95e+07,-163.605
2.95313e+07,-180.515
2.95625e+07,-167.734
2.95938e+07,-161.624
2.9625e+07,-160.304
2.96563e+07,-163.384
2.96875e+07,-164.285
2.97188e+07,-163.78
2.975e+07,-164.555
2.97813e+07,-167.507
2.98125e+07,-183.705
2.98438e+07,-174.527
2.9875e+07,-172.342
2.99063e+07,-164.703
2.99375e+07,-161.636
2.99688e+07,-161.295
3e+07,-161.718
3.00313e+07,-160.665
3.00625e+07,-160.181
3.00938e+07,-161.682
3.0125e+07,-168.137
3.01563e+07,-176.969
3.01875e+07,-166.548
3.02188e+07,-163.482
3.025e+07,-161.32
3.02813e+07,-159.808
3.03125e+07,-159.247
3.03438e+07,-160.471
3.0375e+07,-164.784
3.04063e+07,-171.816
3.04375e+07,-165.961
3.04688e+07,-167.152
3.05e+07,-167.355
3.05313e+07,-168.643
3.05625e+07,-166.774
3.05938e+07,-164.03
3.0625e+07,-165.856
3.06563e+07,-167.863
3.06875e+07,-170.696
3.07188e+07,-168.809
3.075e+07,-165.272
3.07813e+07,-163.43
3.08125e+07,-163.057
3.08438e+07,-163.389
3.0875e+07,-165.248
3.09063e+07,-171.776
3.09375e+07,-186.277
3.09688e+07,-182.93
3.1e+07,-175.659
3.10313e+07,-168.292
3.10625e+07,-165.539
3.10938e+07,-166.509
3.1125e+07,-166.641
3.11563e+07,-166.527
3.11875e+07,-171.519
3.12188e+07,-164.479
3.125e+07,-161.691
3.12813e+07,-164.003
3.13125e+07,-168.005
3.13438e+07,-169.88
3.1375e+07,-174.06
3.14063e+07,-173.277
3.14375e+07,-169.233
3.14688e+07,-170.678
3.15e+07,-164.847
3.15313e+07,-160.957
3.15625e+07,-160.51
3.15938e+07,-160.194
3.1625e+07,-158.336
3.16563e+07,-158.921
3.16875e+07,-164.365
3.17188e+07,-178.481
3.175e+07,-173.131
3.17813e+07,-166.208
3.18125e+07,-163.685
3.18438e+07,-168.082
3.1875e+07,-175.453
3.19063e+07,-166.967
3.19375e+07,-167.828